35
65
66
72
54
68
8
3
18
99
78
42
68
7
75
6
25
78
59
24
66
24
12
37
37
63
67
91
6
77
37
86
32
23
18
27
51
32
26
25
54
96
57
44
73
27
32
51
92
3
43
33
66
95
61
12
78
96
61
11
38
21
92
70
83
7
82
97
91
97
97
55
37
57
66
0
50
89
23
32
77
23
60
86
69
7
42
30
65
69
26
30
93
74
33
63
24
37
10
30
6
84
12
48
20
78
17
51
46
82
21
60
1
32
59
50
33
90
17
21
98
93
3
51
32
72
36
1
64
59
52
74
86
77
95
71
33
68
69
52
9
13
65
19
66
6
30
27
13
41
33
42
65
32
42
20
1
48
46
2
3
7
20
21
24
64
58
90
54
70
1
52
82
94
93
25
61
43
18
56
46
10
41
58
54
8
88
97
49
51
16
34
43
66
2
72
26
68
61
36
9
19
52
68
45
39
67
39
24
55
18
11
90
44
87
67
28
20
37
57
45
91
83
93
54
83
33
37
57
41
0
69
21
8
69
51
38
94
97
51
91
14
77
64
54
10
32
29
9
17
47
42
20
75
14
1
64
52
65
71
64
76
58
76
86
73
79
37
20
37
86
5
53
87
68
36
22
66
61
4
16
64
27
89
40
2
58
84
64
19
37
31
0
31
93
16
22
44
41
63
64
49
29
96
16
21
17
81
90
55
97
5
64
25
78
49
30
45
82
24
52
81
75
16
79
59
78
35
69
35
8
21
73
67
79
14
44
3
14
64
78
65
89
30
84
81
87
53
63
86
7
23
14
41
35
94
47
54
4
99
81
93
3
21
6
19
20
51
34
52
76
16
64
42
98
19
4
11
22
2
8
74
92
4
5
94
98
7
19
10
87
32
7
79
1
75
60
6
14
18
91
12
2
41
88
30
39
42
18
11
49
30
91
56
2
26
8
64
4
40
78
26
48
98
24
86
50
98
33
58
45
38
58
15
96
59
57
19
75
50
13
37
51
12
42
29
61
59
47
22
77
83
0
61
76
27
25
43
9
1
40
26
80
14
46
35
32
14
49
71
31
57
82
98
12
11
81
85
31
13
13
87
68
69
87
24
53
69
78
25
70
81
54
5
91
19
84
60
93
7
9
86
0
69
77
31
72
8
46
87
56
61
74
43
37
55
12
26
85
9
67
55
57
26
89
39
44
32
10
20
49
99
95
4
9
97
57
27
36
95
2
57
5
10
99
24
19
98
53
54
38
37
97
86
33
73
16
3
4
80
14
61
31
79
85
98
93
16
14
30
63
63
85
16
19
4
64
1
82
82
36
77
33
6
89
20
35
72
72
92
80
24
79
58
94
86
22
64
56
95
7
86
6
27
52
26
66
72
22
52
97
20
16
24
47
39
61
51
69
11
91
78
37
65
18
11
85
26
52
33
41
89
87
50
23
89
81
48
31
6
28
72
96
73
49
39
44
92
20
39
50
39
64
73
62
64
91
89
58
23
35
47
41
77
91
33
42
12
35
93
28
59
93
29
56
45
24
66
25
83
29
43
69
48
56
89
2
21
42
96
53
87
43
76
90
22
56
70
12
86
66
11
28
31
75
85
24
37
58
45
29
24
47
69
47
46
11
42
77
87
16
95
47
73
79
22
60
41
64
18
94
74
5
92
36
15
92
20
88
57
20
41
74
88
9
52
81
61
10
40
8
68
67
87
30
56
88
15
4
30
90
86
27
27
23
27
23
12
51
70
41
57
51
63
43
54
26
57
64
79
68
33
85
75
5
55
10
60
77
95
27
50
44
61
4
25
4
75
5
43
78
18
30
21
7
7
56
9
56
58
64
62
9
58
27
9
16
75
74
33
78
53
34
3
74
88
81
28
5
11
61
27
33
49
5
0
84
58
17
97
41
75
7
69
48
38
7
61
9
9
72
98
52
8
76
17
98
94
40
53
3
13
57
89
75
17
50
1
58
14
5
82
91
14
21
79
28
15
94
83
25
39
50
32
5
51
86
18
73
30
88
84
9
17
41
47
25
74
43
61
22
70
57
60
1
96
88
19
11
81
25
69
86
61
78
94
50
20
65
17
0
19
89
51
40
19
89
33
3
44
5
85
29
75
20
96
63
46
1
19
63
41
50
99
52
11
76
34
53
85
64
10
4
49
70
93
48
39
87
20
40
4
70
58
40
29
78
76
94
95
24
22
11
32
31
4
14
39
64
63
70
76
50
75
87
69
88
8
54
37
98
76
84
12
19
7
32
70
61
49