992
579
153
751
479
270
843
790
807
456
247
129
200
650
965
372
46
901
123
549
639
697
421
640
309
396
238
313
524
549
389
834
239
309
935
825
676
423
985
162
568
124
432
559
594
414
551
564
740
411
549
90
476
438
963
385
65
383
339
484
421
149
118
471
716
4
144
944
960
140
981
829
542
644
771
110
391
124
429
671
477
199
708
815
557
300
22
361
600
967
565
465
965
960
224
403
258
746
655
770
159
463
763
151
715
551
753
30
174
923
798
488
921
564
910
275
337
740
51
259
86
62
87
911
425
690
466
74
3
602
714
6
666
711
761
223
699
698
502
232
626
867
1
686
862
728
500
567
230
477
386
328
240
764
146
353
871
636
304
554
701
709
45
839
710
953
970
622
524
178
810
265
554
288
416
763
988
706
376
981
945
462
71
556
384
281
838
242
916
330
528
651
263
826
938
624
72
730
656
314
954
460
340
538
602
528
305
190
606
894
329
244
39
495
213
766
894
240
28
653
516
951
622
512
814
354
793
95
687
121
941
698
475
943
693
63
296
378
922
173
725
333
388
809
263
5
809
195
462
49
217
580
352
281
334
541
796
207
321
115
377
180
864
305
275
740
596
350
780
199
798
719
355
352
544
153
638
221
831
808
74
707
926
251
385
883
997
52
999
887
550
261
156
639
111
529
156
594
109
665
101
725
824
939
887
62
723
698
947
660
321
525
274
374
460
744
88
984
985
198
80
641
885
613
858
983
960
639
245
264
790
376
231
958
53
840
86
595
866
255
442
402
902
200
62
42
463
287
961
973
665
231
35
737
227
361
342
454
166
692
566
682
56
519
605
540
970
318
878
90
371
64
938
412
105
508
143
50
124
958
397
218
656
93
350
874
231
396
621
576
199
440
422
91
600
814
334
233
43
177
570
136
75
179
49
549
792
528
874
435
357
644
955
889
401
18
800
230
849
549
462
56
49
736
606
619
375
289
565
172
329
960
306
456
888
558
523
798
936
902
390
606
875
341
3
141
471
451
645
938
6
419
612
169
715
597
746
47
282
610
848
703
345
437
119
784
519
547
766
462
681
515
208
166
739
794
552
613
887
994
848
501
39
886
376
28
674
185
303
601
555
933
985
322
887
431
254
918
132
181
408
124
305
930
469
867
267
44
576
803
110
359
795
343
320
111
760
148
995
921
446
486
966
732
40
899
724
840
654
42
467
697
238
666
105
439
380
607
428
845
949
321
527
872
101
987
953
443
359
772
740
125
786
672
838
138
234
612
452
115
921
367
636
770
311
402
876
216
718
306
334
777
826
121
332
822
783
620
940
359
283
894
954
726
104
684
95
141
113
897
91
136
392
227
527
916
108
495
188
156
941
501
582
818
970
676
726
137
404
510
291
426
642
918
993
743
34
196
535
661
804
579
274
18
32
48
324
559
348
79
576
83
941
910
769
384
246
915
208
901
176
778
110
24
976
218
813
44
984
292
464
723
579
396
172
285
728
981
814
238
422
757
412
869
566
166
495
541
1
622
814
378
26
624
541
13
306
36
483
177
15
324
848
904
37
860
880
317
446
550
724
486
862
187
88
484
182
774
150
764
14
301
331
718
227
833
86
739
19
392
105
70
432
396
267
877
817
610
676
745
257
486
198
768
446
937
978
651
941
709
194
8
259
479
667
888
122
332
798
298
456
505
695
790
912
518
603
25
774
127
393
760
122
655
474
799
108
251
112
386
413
550
670
785
421
739
640
542
671
801
437
700
577
418
154
134
708
851
313
537
531
382
872
442
453
689
11
913
415
417
430
332
935
836
794
57
618
87
279
96
34
230
125
48
493
106
305
46
218
854
673
413
127
447
262
543
975
668
870
221
618
504
243
721
352
630
321
830
880
786
759
935
622
264
320
626
769
28
324
521
989
447
280
483
244
161
75
100
59
987
961
591
967
720
438
919
764
163
670
598
717
707
800
100
69
480
843
705
870
327
675
312
571
592
425
672
1
246
730
701
972
210
439
683
250
393
279
470
385
737
517
998
2
651
688
802
829
136
548
544
337
608
359
744
71
550
413
169
284
148
330
679
225
931
312
958
272
445
901
553
652
695
341
470
898
376
255
448
322
183
751
361
699
905
758
424
416
64
950
392
654
199
653
334
861
741
487
161
691
385
36
730
640
901
612
639
481
425
29
518
490
816
874
70
163
459
536
538
791
61
967
368
10
824
280
807
60
805
101
424
492
37
161
819
454
882
891
206
399
661
595
879
212
3
533
987
712
298
182
441